% MALLA GENERADA CON COMSOL
%
% 861 # number of mesh points
% 0 # lowest mesh point index
xnod = 0.1*round(10*[ ... %# Mesh point coordinates
2 0 
1.8999999999999988 0 
1.7999999999999989 0 
1.6999999999999991 0 
1.5999999999999992 0 
1.4999999999999993 0 
1.3999999999999995 0 
1.2999999999999996 0 
1.1999999999999997 0 
1.0999999999999999 0 
0.99999999999999989 0 
0.89999999999999991 0 
0.79999999999999993 0 
0.69999999999999996 0 
0.59999999999999998 0 
0.5 0 
0.40000000000000002 0 
0.29999999999999999 0 
0.19999999999999998 0 
0.099999999999999992 0 
0 0 
2 0.10000000000000002 
1.899999999999999 0.10000000000000002 
1.7999999999999989 0.10000000000000005 
1.6999999999999991 0.10000000000000002 
1.5999999999999992 0.10000000000000002 
1.4999999999999993 0.10000000000000002 
1.3999999999999995 0.10000000000000001 
1.2999999999999996 0.10000000000000003 
1.1999999999999993 0.10000000000000005 
1.0999999999999994 0.10000000000000002 
0.99999999999999967 0.10000000000000003 
0.89999999999999991 0.10000000000000002 
0.79999999999999993 0.10000000000000001 
0.69999999999999996 0.099999999999999992 
0.59999999999999998 0.10000000000000003 
0.5 0.10000000000000002 
0.40000000000000002 0.10000000000000002 
0.29999999999999999 0.10000000000000002 
0.19999999999999998 0.10000000000000001 
0.099999999999999992 0.10000000000000002 
0 0.10000000000000002 
2 0.20000000000000004 
1.8999999999999984 0.20000000000000004 
1.7999999999999989 0.20000000000000009 
1.6999999999999991 0.20000000000000004 
1.5999999999999992 0.20000000000000004 
1.4999999999999998 0.20000000000000004 
1.399999999999999 0.20000000000000001 
1.2999999999999996 0.20000000000000007 
1.1999999999999997 0.20000000000000009 
1.0999999999999999 0.20000000000000004 
0.99999999999999989 0.20000000000000007 
0.89999999999999991 0.20000000000000004 
0.79999999999999993 0.20000000000000001 
0.69999999999999973 0.19999999999999998 
0.59999999999999998 0.20000000000000007 
0.5 0.20000000000000004 
0.40000000000000002 0.20000000000000004 
0.29999999999999999 0.20000000000000004 
0.19999999999999998 0.20000000000000001 
0.099999999999999992 0.20000000000000004 
0 0.20000000000000004 
2 0.30000000000000004 
1.8999999999999992 0.30000000000000016 
1.7999999999999987 0.30000000000000004 
1.6999999999999991 0.30000000000000004 
1.5999999999999992 0.30000000000000004 
1.4999999999999991 0.29999999999999993 
1.3999999999999995 0.30000000000000004 
1.3 0.30000000000000004 
1.1999999999999995 0.30000000000000004 
1.0999999999999999 0.30000000000000004 
0.99999999999999989 0.30000000000000004 
0.89999999999999991 0.30000000000000004 
0.80000000000000004 0.30000000000000004 
0.69999999999999996 0.30000000000000004 
0.59999999999999987 0.30000000000000004 
0.5 0.30000000000000004 
0.39999999999999997 0.30000000000000004 
0.29999999999999993 0.3000000000000001 
0.20000000000000001 0.29999999999999999 
0.10000000000000001 0.30000000000000004 
0 0.30000000000000004 
2 0.40000000000000002 
1.8999999999999988 0.40000000000000002 
1.7999999999999989 0.40000000000000002 
1.6999999999999991 0.40000000000000002 
1.5999999999999992 0.40000000000000002 
1.4999999999999993 0.40000000000000002 
1.3999999999999999 0.40000000000000002 
1.2999999999999996 0.40000000000000002 
1.1999999999999997 0.40000000000000002 
1.0999999999999999 0.40000000000000002 
1 0.40000000000000002 
0.90000000000000013 0.40000000000000002 
0.80000000000000016 0.40000000000000002 
0.70000000000000018 0.40000000000000002 
0.60000000000000009 0.40000000000000008 
0.5 0.40000000000000002 
0.40000000000000002 0.39999999999999997 
0.30000000000000004 0.40000000000000002 
0.20000000000000004 0.40000000000000002 
0.10000000000000002 0.40000000000000002 
0 0.40000000000000002 
2 0.5 
1.8999999999999988 0.5 
1.7999999999999989 0.5 
1.6999999999999991 0.5 
1.5999999999999988 0.5 
1.4999999999999993 0.5 
1.3999999999999995 0.5 
1.2999999999999996 0.5 
1.1999999999999997 0.5 
1.1000000000000003 0.5 
0.99999999999999989 0.5 
0.89999999999999991 0.5 
0.80000000000000016 0.5 
0.69999999999999996 0.5 
0.59999999999999998 0.5 
0.5 0.5 
0.40000000000000002 0.5 
0.29999999999999999 0.5 
0.20000000000000004 0.5 
0.10000000000000002 0.5 
0 0.5 
2 0.59999999999999998 
1.899999999999999 0.59999999999999976 
1.7999999999999994 0.59999999999999998 
1.6999999999999991 0.59999999999999998 
1.5999999999999988 0.59999999999999998 
1.4999999999999993 0.59999999999999998 
1.3999999999999995 0.59999999999999998 
1.2999999999999998 0.59999999999999998 
1.2000000000000002 0.59999999999999998 
1.0999999999999999 0.59999999999999998 
0.99999999999999978 0.60000000000000009 
0.89999999999999991 0.59999999999999998 
0.79999999999999993 0.59999999999999998 
0.69999999999999996 0.59999999999999998 
0.59999999999999998 0.59999999999999998 
0.5 0.59999999999999998 
0.40000000000000002 0.59999999999999998 
0.29999999999999999 0.59999999999999998 
0.19999999999999998 0.59999999999999998 
0.099999999999999992 0.59999999999999998 
0 0.59999999999999998 
2 0.69999999999999996 
1.8999999999999984 0.69999999999999996 
1.7999999999999992 0.69999999999999996 
1.6999999999999991 0.69999999999999996 
1.599999999999999 0.70000000000000018 
1.4999999999999996 0.69999999999999996 
1.3999999999999995 0.69999999999999996 
1.2999999999999998 0.69999999999999996 
1.1999999999999997 0.69999999999999996 
1.0999999999999999 0.69999999999999996 
1 0.69999999999999996 
0.89999999999999991 0.69999999999999996 
0.79999999999999993 0.69999999999999996 
0.70000000000000007 0.69999999999999996 
0.59999999999999998 0.69999999999999996 
0.5 0.69999999999999996 
0.39999999999999991 0.69999999999999996 
0.29999999999999999 0.69999999999999996 
0.19999999999999998 0.69999999999999996 
0.099999999999999992 0.69999999999999996 
0 0.69999999999999996 
2 0.79999999999999993 
1.8999999999999992 0.79999999999999993 
1.7999999999999994 0.80000000000000016 
1.6999999999999993 0.79999999999999993 
1.5999999999999992 0.79999999999999982 
1.4999999999999993 0.79999999999999971 
1.3999999999999995 0.79999999999999993 
1.2999999999999994 0.80000000000000016 
1.1999999999999997 0.79999999999999993 
1.0999999999999999 0.79999999999999993 
0.99999999999999989 0.79999999999999982 
0.89999999999999991 0.79999999999999993 
0.79999999999999982 0.79999999999999982 
0.69999999999999973 0.79999999999999982 
0.59999999999999998 0.79999999999999971 
0.5 0.79999999999999993 
0.39999999999999997 0.80000000000000004 
0.29999999999999999 0.79999999999999993 
0.19999999999999996 0.79999999999999993 
0.099999999999999978 0.79999999999999993 
0 0.79999999999999993 
2 0.89999999999999991 
1.8999999999999988 0.90000000000000013 
1.7999999999999989 0.89999999999999991 
1.6999999999999993 0.89999999999999991 
1.5999999999999992 0.89999999999999991 
1.4999999999999996 0.89999999999999991 
1.3999999999999995 0.89999999999999991 
1.2999999999999998 0.89999999999999991 
1.1999999999999997 0.89999999999999991 
1.0999999999999999 0.89999999999999991 
0.99999999999999989 0.89999999999999991 
0.89999999999999969 0.89999999999999991 
0.79999999999999993 0.89999999999999991 
0.69999999999999996 0.89999999999999991 
0.59999999999999998 0.89999999999999991 
0.5 0.89999999999999991 
0.40000000000000002 0.89999999999999991 
0.29999999999999999 0.89999999999999991 
0.19999999999999998 0.89999999999999991 
0.099999999999999992 0.89999999999999991 
0 0.89999999999999991 
2 0.99999999999999989 
1.8999999999999988 0.99999999999999989 
1.7999999999999989 0.99999999999999989 
1.6999999999999993 0.99999999999999967 
1.5999999999999994 0.99999999999999989 
1.4999999999999998 1 
1.3999999999999995 1 
1.2999999999999998 0.99999999999999978 
1.1999999999999997 1 
1.0999999999999999 1 
1 1 
0.89999999999999969 0.99999999999999978 
0.79999999999999993 1 
0.70000000000000007 1 
0.59999999999999987 0.99999999999999978 
0.5 0.99999999999999967 
0.40000000000000002 1 
0.29999999999999993 1 
0.19999999999999998 0.99999999999999989 
0.099999999999999992 0.99999999999999978 
