xnod = [ ... % posicion de los nodos
       1    0.0000      1.0000     
       2    0.0000      2.0000     
       3    0.0000      1.0833     
       4    0.0000      1.1667     
       5    0.0000      1.2500     
       6    0.0000      3.0000     
       7    0.0000      2.1667     
       8    0.0000      2.3333     
       9    0.0000      2.4167     
      10    3.0000      0.0000     
      11    2.9990     0.78459E-01 
      12    2.9959     0.15686     
      13    2.9908     0.23538     
      14    2.9836     0.31373     
      15    2.9743     0.39165     
      16    2.9631     0.46930     
      17    2.9498     0.54671     
      18    2.9344     0.62374     
      19    2.8978     0.77646     
      20    2.8532     0.92705     
      21    2.7716      1.1481     
      22    2.6730      1.3620     
      23    2.5981      1.5        % cargaa
      24    2.4271      1.7634     
      25    2.2812      1.9483     
      26    2.1213      2.1213     
      27    1.9483      2.2812     
      28    1.7634      2.4271     
      29    1.50        2.5981     % carga
      30    2.0000      0.0000     
      31    2.1667      0.0000     
      32    2.3333      0.0000     
      33    2.4167      0.0000     
      34    1.0000      0.0000     
      35    1.0833      0.0000     
      36    1.1667      0.0000     
      37    1.2500      0.0000     
      38   0.99786     0.65403E-01 
      39   0.99144     0.13053     
      40   0.98079     0.19509     
      41   0.96593     0.25882     
      42   0.94693     0.32144     
      43   0.92388     0.38268     
      44   0.89687     0.44229     
      45    1.7654      1.1852     
      46    1.9184     0.78185     
      47    2.2457     0.74767     
      48    2.2981      1.2338     
      49    2.5000      0.0000     
      50   0.85685      1.3184     
      51    1.4061     0.60012     
      52    1.0039      2.3272     
      53    1.8112     0.50329     
      54    2.3294     0.45531     
      55    2.5285     0.92038     
      56    2.0030      1.5049     
      57    1.6751      1.7364     
      58    1.1690      1.9459     
      59    1.3620      2.6730     
      60   0.50745      2.5482     
      61   0.70980      2.1677     
      62    1.0874     0.92998     
      63    2.0683      1.0378     
      64   0.59109      1.1127     
      65   0.31236      2.0772     
      66    1.1579     0.51097     
      67    1.4336     0.23048     
      68    2.3855     0.73943     
      69    2.4249     0.23694     
      70    2.6397     0.47953     
      71    2.6908     0.92372     
      72    2.4856      1.2979     
      73    2.2150      1.6341     
      74    1.8982      1.9289     
      75    1.4662      2.1865     
      76    1.1830      2.5001     
      77    0.0000      2.5000     
      78   0.44902      2.6917     
      79   0.28404      2.4844     
      80    1.9196     0.24166     
      81   0.43448      1.4810     
      82    1.9168      1.1115     
      83    1.8842      1.3451     
      84    1.7111      1.0312     
      85    1.3333      0.0000     
      86    1.8648     0.64257     
      87    2.4167     0.87561     
      88    1.1481      2.7716     
      89    1.9933     0.90984     
      90    2.5833      0.0000     
      91    2.1866     0.93434     
      92    2.4133      1.0771     
      93    2.1506      1.3694     
      94    2.1832      1.1358     
      95    1.3620      1.0632     
      96    0.0000      1.3333     
      97   0.92705      2.8532     
      98   0.88822     0.78670     
      99    1.6929     0.52010     
     100   0.89876      2.4411     
     101   0.85687      2.2475     
     102    1.0865      2.1366     
     103    2.6667      0.0000     
     104    1.9536     0.48937     
     105   0.77646      2.8978     
     106    1.8391      1.6207     
     107    1.4221      1.8412     
     108    1.5077      1.5047     
     109    2.3050     0.83083     
     110   0.66601      2.2690     
     111   0.62374      2.9344     
     112   0.54671      2.9498     
     113    0.0000      2.5833     
     114    0.0000      2.6667     
     115   0.86603     0.50000     
     116   0.79335     0.60876     
     117   0.70711     0.70711     
     118   0.60876     0.79335     
     119    1.4167      0.0000     
     120    1.5000      0.0000     
     121    0.0000      1.4167     
     122    0.0000      1.5000     
     123   0.50000     0.86603     
     124   0.44229     0.89687     
     125   0.34956      1.1275     
     126   0.17852      1.1612     
     127   0.23807      1.3269     
     128   0.47687      1.2795     
     129    1.1474     0.13851     
     130    1.1159     0.29118     
     131    1.2569     0.29833     
     132    1.3038     0.14576     
     133    1.0013     0.62697     
     134    1.1572     0.78535     
     135    1.2356     0.55147     
     136    1.0802     0.47047     
     137   0.56047     0.95975     
     138   0.77514     0.94642     
     139   0.50388      1.0583     
     140   0.67830      1.1671     
     141   0.16370      2.8146     
     142   0.31594      2.8145     
     143   0.32236      2.6282     
     144   0.18741      2.6432     
     145    2.7742     0.31489     
     146    2.7977     0.16114     
     147    2.6216     0.16312     
     148    2.5805     0.32085     
     149   0.60473      2.6716     
     150   0.79358      2.5549     
     151   0.42925      2.6444     
     152   0.46880      2.7389     
     153    2.6512     0.67407     
     154    2.4661     0.64804     
     155    2.7394     0.48249     
     156    2.5401     0.47657     
     157   0.32837      2.1983     
     158   0.42824      2.3562     
     159   0.21680      2.4791     
     160   0.35128      2.4897     
     161   0.62222      2.3702     
     162   0.27784      1.6955     
     163   0.29635      1.9561     
     164   0.72547      1.9325     
     165   0.68683      1.6879     
     166   0.57539      1.4582     
     167   0.29357      1.5039     
     168    1.6513     0.22554     
     169    1.5264     0.33536     
     170    1.4710     0.15588     
     171    1.3962     0.30507     
     172    2.3528     0.12455     
     173    2.1879     0.25778     
     174    2.3775     0.31312     
     175    2.4724     0.16076     
     176    2.1864     0.66452     
     177    2.3371     0.58506     
     178    2.0960     0.47545     
     179    1.6567     0.87726     
     180    1.5745     0.53691     
     181    1.3838     0.85355     
     182    1.3403      1.2729     
     183    1.0176      1.0746     
     184    1.0383      1.5577     
     185   0.86256      1.6228     
     186   0.70790      2.4626     
     187   0.11903      1.3301     
     188   0.89259E-01  1.1639     
     189   0.15415      1.0764     
     190   0.20829      1.2440     
     191   0.26404      1.1444     
     192   0.26582      1.4154     
     193   0.35747      1.3032     
     194   0.52613      1.3688     
     195   0.41322      1.2035     
     196   0.57759      1.2233     
     197   0.30456      1.0466     
     198   0.42672      1.0929     
     199    1.2463     0.42490     
     200    1.0981     0.38082     
     201    1.0409     0.27500     
     202    1.1864     0.29476     
     203    1.1316     0.21484     
     204    1.3266     0.30170     
     205    1.2804     0.22205     
     206    1.3874     0.15082     
     207    1.2256     0.14213     
     208    1.3186     0.72880E-01 
     209    1.0694     0.13452     
     210    1.1570     0.69253E-01 
     211    1.3208     0.57580     
     212    1.2705     0.81945     
     213    1.0792     0.70616     
     214    1.1964     0.66841     
