xnod = [...
1 2 0 19 
1.5 2 0 17 
1.5 1 0 15 
1 1 0 14 
2 4 0 10 
2 0 0 8 
0 4 0 6 
0 0 0 5 
0 0.222222222222226 0 4 
0 0.444444444444453 0 4 
0 0.666666666666676 0 4 
0 0.8888888888889 0 4 
0 1.11111111111113 0 4 
0 1.33333333333336 0 4 
0 1.55555555555559 0 4 
0 1.77777777777782 0 4 
0 2.00000000000003 0 4 
0 2.22222222222225 0 4 
0 2.44444444444447 0 4 
0 2.66666666666669 0 4 
0 2.88888888888891 0 4 
0 3.11111111111113 0 4 
0 3.33333333333334 0 4 
0 3.55555555555556 0 4 
0 3.77777777777778 0 4 
0.222222222222226 0 0 7 
0.44444444444445 0 0 7 
0.666666666666679 0 0 7 
0.888888888888908 0 0 7 
1.11111111111113 0 0 7 
1.33333333333334 0 0 7 
1.55555555555556 0 0 7 
1.77777777777778 0 0 7 
0.222222222222226 4 0 9 
0.44444444444445 4 0 9 
0.666666666666679 4 0 9 
0.888888888888908 4 0 9 
1.11111111111113 4 0 9 
1.33333333333334 4 0 9 
1.55555555555556 4 0 9 
1.77777777777778 4 0 9 
2 0.222222222222226 0 11 
2 0.444444444444453 0 11 
2 0.666666666666676 0 11 
2 0.8888888888889 0 11 
2 1.11111111111113 0 11 
2 1.33333333333336 0 11 
2 1.55555555555559 0 11 
2 1.77777777777782 0 11 
2 2.00000000000003 0 11 
2 2.22222222222225 0 11 
2 2.44444444444447 0 11 
2 2.66666666666669 0 11 
2 2.88888888888891 0 11 
2 3.11111111111113 0 11 
2 3.33333333333334 0 11 
2 3.55555555555556 0 11 
2 3.77777777777778 0 11 
1.25 1 0 13 
1.5 1.2 0 16 
1.5 1.39999999999999 0 16 
1.5 1.59999999999999 0 16 
1.5 1.79999999999999 0 16 
1.25 2 0 18 
1 1.2 0 20 
1 1.39999999999999 0 20 
1 1.59999999999999 0 20 
1 1.79999999999999 0 20 
0.155067363063082 0.357564701350029 0 2 
0.191508570093882 0.548733273070758 0 2 
0.200111983550023 0.768113900640022 0 2 
0.203772095179459 0.989019507918344 0 2 
0.201821526687396 1.21116882673826 0 2 
0.199462389515124 1.43308805016226 0 2 
0.197775695759009 1.6545603018952 0 2 
0.196519241483454 1.87609257309058 0 2 
0.195486340946432 2.09833649043237 0 2 
0.193965340947793 2.32094671378716 0 2 
0.192603090901161 2.54348270277314 0 2 
0.191931419384826 2.76460121409457 0 2 
0.190206878284441 2.98240426774233 0 2 
0.186432389457467 3.19661852402377 0 2 
0.182480167621342 3.40696960507831 0 2 
0.185932162412372 3.61317689582465 0 2 
0.198749208787156 3.81104482661007 0 2 
0.358559671204029 0.151918084428321 0 2 
0.77073910311643 0.185706552022903 0 2 
1.21453195293946 0.197196477496133 0 2 
1.64222138013084 0.190206777054292 0 2 
1.83539515854558 0.214655837027288 0 2 
0.40949000774634 3.83040862507102 0 2 
0.627437336499474 3.83622745999462 0 2 
0.842022020242814 3.83547201058648 0 2 
1.05032508415335 3.84723632276171 0 2 
1.26572170671702 3.84836897575804 0 2 
1.4712882842752 3.84026581758097 0 2 
1.69982553599963 3.83343604446871 0 2 
1.77650226896803 0.611236589229585 0 2 
1.82803699912744 0.989735947321841 0 2 
1.82606007571659 1.4262613109467 0 2 
1.75599800435314 1.89062500560919 0 2 
1.79837833323099 2.34311125880199 0 2 
1.81262555699346 2.7897036242901 0 2 
1.80575499973975 3.22241422241854 0 2 
1.78733695924578 3.63898424420167 0 2 
1.10720138691498 0.807094140224705 0 2 
1.37448500689504 0.797788915356737 0 2 
1.66479420661559 1.08738034881819 0 2 
1.65244953959733 1.48292361760073 0 2 
1.75375049324096 1.65896894326761 0 2 
1.13530574811728 2.19488126675486 0 2 
1.3566458853486 2.19821939047626 0 2 
0.808292386218254 1.08612374420672 0 2 
0.797304922535656 1.51045779717955 0 2 
0.790849565554669 1.93197956465494 0 2 
0.993339565746877 0.195208132751843 0 2 
0.54948254524678 0.180105923953844 0 2 
1.43029595696944 0.185983600877989 0 2 
1.77351460404153 2.11553692979772 0 2 
1.84346931264512 0.795127453207318 0 2 
1.83237136792757 1.20745489219217 0 2 
1.81102329675713 2.56811528588788 0 2 
1.80912850773667 3.0075847118235 0 2 
1.80116960948178 3.43330285997863 0 2 
1.72380947603374 0.403047222595765 0 2 
1.63797724331651 0.831773633248789 0 2 
1.66489780233469 1.29692242760726 0 2 
0.942287826569193 2.22807207275606 0 2 
0.848263720264183 0.859608787224973 0 2 
0.800261230970965 1.30054531730113 0 2 
0.795118201861627 1.71988399263567 0 2 
0.182517864824255 0.181668203384237 0 2 
0.942099302598194 0.622502361147653 0 2 
0.774002310485564 2.1538805026853 0 2 
1.58275410678661 2.24929128348788 0 2 
0.390916480612926 0.642333625497757 0 2 
0.41161146207052 0.864542980259331 0 2 
0.407029369262217 1.0894118262131 0 2 
0.401076478124788 1.31197786441617 0 2 
0.397257859199599 1.5326701636126 0 2 
0.39464932407502 1.75242568090772 0 2 
0.392066509720095 1.97325250123763 0 2 
0.390038649942327 2.19704855062262 0 2 
0.385927839563169 2.42053374403544 0 2 
0.384133710845393 2.64369671513317 0 2 
0.385091288643365 2.86285982786715 0 2 
0.380699073168201 3.07410284648044 0 2 
0.371749856136492 3.2792869989905 0 2 
0.363868413533668 3.47369070701925 0 2 
0.378417583326139 3.65873241838831 0 2 
1.52832474176683 0.355116213295426 0 2 
1.09722782246064 0.402487904447042 0 2 
1.62075448743193 2.90981696922828 0 2 
1.59757987686347 3.52372412379993 0 2 
0.604693638089655 1.19445546549303 0 2 
1.51451303579518 0.578188305896899 0 2 
0.588751073908062 3.67554768034567 0 2 
0.802093418623327 3.66180471873137 0 2 
1.00949030017006 3.67647677398036 0 2 
1.18952041147777 3.71385868750748 0 2 
1.02048890092558 2.39924132341638 0 2 
0.379044534359269 0.371609856142161 0 2 
1.60579060976491 3.32770378151679 0 2 
1.62909769560823 2.69550349028863 0 2 
1.22801310119134 0.601003703991095 0 2 
0.591714471577573 1.84628489613414 0 2 
0.619405139697243 0.968243380028719 0 2 
0.595147752327955 1.62944582301195 0 2 
0.598554782417265 1.41309402828269 0 2 
0.871182311688391 0.381425772212972 0 2 
1.32928378663205 0.392020017541724 0 2 
1.62051042270949 2.47542444080495 0 2 
1.59084867472885 3.69690423707324 0 2 
1.61160134669199 3.12095819035265 0 2 
1.2235924603202 2.37444958223073 0 2 
1.3919338922376 3.65454787409704 0 2 
0.790552952083917 2.40304148227236 0 2 
1.42868396107361 2.40009195461987 0 2 
0.642174933824851 0.730901059896607 0 2 
0.644083893791919 0.357298673548492 0 2 
0.585972153292066 2.06688047108675 0 2 
0.572312634371274 2.52071540287439 0 2 
0.576696163683715 2.74766788477882 0 2 
0.586214417395756 2.96042481162773 0 2 
0.56631912175464 3.16822926144293 0 2 
0.554216945418365 3.36481032512794 0 2 
0.532060882266393 3.53223448565168 0 2 
0.984806851261909 3.48712222411896 0 2 
1.19838183386315 3.54433214815831 0 2 
0.924746110630357 2.60393148261188 0 2 
1.43771061448791 2.81507188986693 0 2 
0.738508457730387 0.530877957452759 0 2 
1.40660161606198 3.23392498231363 0 2 
1.40182022598471 3.44015623821295 0 2 
0.585172548375858 2.29549835393466 0 2 
1.4547184665713 2.60916125640735 0 2 
0.551882398890534 0.528787586750251 0 2 
1.12363825420925 2.56957592670728 0 2 
1.41798270536178 3.0235958776941 0 2 
1.29929755680747 2.53332349237585 0 2 
0.735382521791505 2.62507929464711 0 2 
0.811950153841672 2.8360152716496 0 2 
0.781975399035859 3.0785565133883 0 2 
0.730342596531239 3.27262759439593 0 2 
0.747128448903878 3.47635980908322 0 2 
1.19307112827763 3.34776512034292 0 2 
1.05569381534804 2.77979132833872 0 2 
1.22951301016938 2.91725563277621 0 2 
1.20171067375437 3.13506898013267 0 2 
1.26536336810394 2.71294810471427 0 2 
0.958801084581462 3.260426281647 0 2 
1.00603762912965 3.00750129984336 0 2 
1.24999984886008 1.27674045036151 0 21 
1.24999990010415 1.49999885903776 0 21 
1.24999996322582 1.72325709525277 0 21 ];
xnod = xnod(:,[1 2]);

