xnod = [...
1 2 0 19 
1.5 2 0 17 
1.5 1 0 15 
1 1 0 14 
2 4 0 10 
0 4 0 8 
2 0 0 6 
0 0 0 5 
0.0503676097015777 0 0 4 
0.100735219403155 0 0 4 
0.156479756063485 0 0 4 
0.206847365765063 0 0 4 
0.262591902425392 0 0 4 
0.31295951212697 0 0 4 
0.368704048787299 0 0 4 
0.419071658488877 0 0 4 
0.469814519731225 0 0 4 
0.525183804850785 0 0 4 
0.576477353019929 0 0 4 
0.631295951212693 0 0 4 
0.681663560914272 0 0 4 
0.737408097574602 0 0 4 
0.787775707276181 0 0 4 
0.839223578523253 0 0 4 
0.893887853638089 0 0 4 
0.945886411811957 0 0 4 
0.999999999999997 0 0 4 
1.05036760970158 0 0 4 
1.10611214636191 0 0 4 
1.15647975606348 0 0 4 
1.21222429272381 0 0 4 
1.26259190242539 0 0 4 
1.31581691829978 0 0 4 
1.3687040487873 0 0 4 
1.41907165848888 0 0 4 
1.47481619514921 0 0 4 
1.52518380485079 0 0 4 
1.58092834151112 0 0 4 
1.6312959512127 0 0 4 
1.6852259770918 0 0 4 
1.7374080975746 0 0 4 
1.79188881038051 0 0 4 
1.84352024393651 0 0 4 
1.89388785363809 0 0 4 
1.94963239029842 0 0 4 
0 3.94907625935565 0 7 
0 3.89815251871129 0 7 
0 3.84722877806694 0 7 
0 3.79630503742258 0 7 
0 3.74538129677823 0 7 
0 3.69421981083391 0 7 
0 3.64369833972437 0 7 
0 3.59338559752622 0 7 
0 3.53836366099882 0 7 
0 3.48859158999845 0 7 
0 3.43385620180538 0 7 
0 3.38408413080501 0 7 
0 3.33387197354189 0 7 
0 3.27874945207946 0 7 
0 3.2281893122433 0 7 
0 3.1734147733539 0 7 
0 3.12364270235353 0 7 
0 3.06890731416047 0 7 
0 3.01913524316009 0 7 
0 2.96439985496703 0 7 
0 2.91462778396666 0 7 
0 2.86485571296628 0 7 
0 2.81012032477322 0 7 
0 2.76034825377285 0 7 
0 2.70561286557978 0 7 
0 2.65584079457941 0 7 
0 2.60027818685423 0 7 
0 2.55050611585386 0 7 
0 2.50073404485348 0 7 
0 2.44599865666042 0 7 
0 2.39622658566004 0 7 
0 2.34149119746698 0 7 
0 2.29171912646661 0 7 
0 2.23615651874143 0 7 
0 2.18638444774105 0 7 
0 2.13164905954799 0 7 
0 2.08187698854761 0 7 
0 2.03210491754724 0 7 
0 1.97654230982206 0 7 
0 1.92677023882169 0 7 
0 1.87203485062862 0 7 
0 1.82226277962825 0 7 
0 1.76752739143518 0 7 
0 1.71775532043481 0 7 
0 1.66797888216253 0 7 
0 1.61242064170926 0 7 
0 1.56229622086395 0 7 
0 1.5070859629837 0 7 
0 1.45731389198333 0 7 
0 1.40175128425815 0 7 
0 1.35197921325778 0 7 
0 1.3022071422574 0 7 
0 1.24747175406434 0 7 
0 1.19769968306396 0 7 
0 1.1429642948709 0 7 
0 1.09319222387053 0 7 
0 1.03762961614535 0 7 
0 0.987857545144972 0 7 
0 0.932294937419791 0 7 
0 0.882522866419419 0 7 
0 0.832750795419046 0 7 
0 0.77801540722598 0 7 
0 0.728243336225607 0 7 
0 0.673507948032542 0 7 
0 0.623735877032169 0 7 
0 0.569000488839103 0 7 
0 0.519228417838731 0 7 
0 0.469456346838358 0 7 
0 0.413893739113177 0 7 
0 0.364121668112805 0 7 
0 0.308559060387623 0 7 
0 0.25878698938725 0 7 
0 0.204051601194184 0 7 
0 0.154279530193811 0 7 
0 0.0995441420007452 0 7 
0 0.0497720710003726 0 7 
2 0.0508331640875535 0 9 
2 0.101737805974685 0 9 
2 0.152334968027806 0 9 
2 0.202016462471376 0 9 
2 0.256661274107641 0 9 
2 0.306342768551211 0 9 
2 0.361814799719591 0 9 
2 0.411496294163162 0 9 
2 0.466968325331542 0 9 
2 0.516649819775112 0 9 
2 0.566331314218683 0 9 
2 0.620976125854947 0 9 
2 0.670657620298517 0 9 
2 0.725302431934782 0 9 
2 0.774983926378352 0 9 
2 0.829628738014617 0 9 
2 0.879310232458188 0 9 
2 0.928991726901759 0 9 
2 0.984463758070139 0 9 
2 1.03414525251371 0 9 
2 1.08961728368209 0 9 
2 1.13929877812566 0 9 
2 1.19394358976193 0 9 
2 1.2436250842055 0 9 
2 1.29826989584176 0 9 
2 1.34795139028533 0 9 
2 1.39763288472891 0 9 
2 1.45310491589729 0 9 
2 1.50278641034086 0 9 
2 1.55780437567819 0 9 
2 1.60793993595281 0 9 
2 1.66325865292634 0 9 
2 1.71309346156476 0 9 
2 1.76277495600833 0 9 
2 1.8174197676446 0 9 
2 1.86710126208817 0 9 
2 1.92174607372443 0 9 
2 1.971427568168 0 9 
2 2.02661269864114 0 9 
2 2.07658109377996 0 9 
2 2.12626258822353 0 9 
2 2.18090739985979 0 9 
2 2.23058889430336 0 9 
2 2.28606092547174 0 9 
2 2.33574241991532 0 9 
2 2.38996674435594 0 9 
2 2.44006872599515 0 9 
2 2.49437812621251 0 9 
2 2.54439503207499 0 9 
2 2.59407652651856 0 9 
2 2.64954855768694 0 9 
2 2.69923005213051 0 9 
2 2.75332079007075 0 9 
2 2.80355635821035 0 9 
2 2.85773217192731 0 9 
2 2.90788266429018 0 9 
2 2.95756415873375 0 9 
2 3.01220897037002 0 9 
2 3.06189046481359 0 9 
2 3.11653527644985 0 9 
2 3.16621677089343 0 9 
2 3.22004332225053 0 9 
2 3.27137029650538 0 9 
2 3.32549759949867 0 9 
2 3.37652382211733 0 9 
2 3.4262053165609 0 9 
2 3.48085012819717 0 9 
2 3.53053162264074 0 9 
2 3.58444026335692 0 9 
2 3.63568514825269 0 9 
2 3.68885164521348 0 9 
2 3.74001145433252 0 9 
2 3.7896929487761 0 9 
2 3.84516497994448 0 9 
2 3.89484647438805 0 9 
2 3.95031850555643 0 9 
1.94968867490508 4 0 11 
1.89400042285141 4 0 11 
1.8436890977565 4 0 11 
1.79165120006827 4 0 11 
1.73768952060791 4 0 11 
1.68513028547134 4 0 11 
1.63168994345933 4 0 11 
1.58137861836441 4 0 11 
1.52569036631074 4 0 11 
1.47537904121582 4 0 11 
1.41969078916215 4 0 11 
1.36937946406724 4 0 11 
1.31621794210052 4 0 11 
1.26337988691865 4 0 11 
1.21306856182373 4 0 11 
1.15738030977006 4 0 11 
1.10706898467514 4 0 11 
1.05138073262148 4 0 11 
1.00106940752656 4 0 11 
0.946784151033907 4 0 11 
0.895069830377971 4 0 11 
0.840263236436975 4 0 11 
0.789070253229384 4 0 11 
0.738758928134466 4 0 11 
0.683070676080797 4 0 11 
0.632759350985879 4 0 11 
0.577871807663085 4 0 11 
0.526759773837292 4 0 11 
0.471350893066154 4 0 11 
0.420760196688705 4 0 11 
0.370448871593787 4 0 11 
0.314760619540118 4 0 11 
0.2644492944452 4 0 11 
0.208761042391531 4 0 11 
0.158449717296614 4 0 11 
0.102761465242944 4 0 11 
0.0513541689047754 4 0 11 
1.04978312956209 1 0 13 
1.09956625912418 1 0 13 
1.14934938868627 1 0 13 
1.19913251824836 1 0 13 
1.24882623870709 1 0 13 
1.29851427474366 1 0 13 
1.34848190693464 1 0 13 
1.39719562897017 1 0 13 
1.44914476474981 1 0 13 
1.5 1.05359214049225 0 16 
1.5 1.10611214636191 0 16 
1.5 1.15647975606349 0 16 
1.5 1.21222429272382 0 16 
1.5 1.2625919024254 0 16 
1.5 1.31833643908573 0 16 
1.5 1.3687040487873 0 16 
1.5 1.42326192313217 0 16 
1.5 1.47481619514921 0 16 
1.5 1.52518380485079 0 16 
1.5 1.58092834151112 0 16 
1.5 1.6312959512127 0 16 
1.5 1.68704048787302 0 16 
1.5 1.7374080975746 0 16 
1.5 1.79293170577209 0 16 
1.5 1.84352024393651 0 16 
1.5 1.89926478059684 0 16 
1.5 1.94963239029842 0 16 
1.45023911229634 2 0 18 
1.39913849611356 2 0 18 
1.35139620764972 2 0 18 
1.29827699222712 2 0 18 
1.25053470376328 2 0 18 
1.20279241529943 2 0 18 
1.14967319987684 2 0 18 
1.101930911413 2 0 18 
1.0488116959904 2 0 18 
1 1.94968867490508 0 20 
1 1.89921501005678 0 20 
1 1.8436890977565 0 20 
1 1.79295481930774 0 20 
1 1.73768952060791 0 20 
1 1.68737819551299 0 20 
1 1.63168994345932 0 20 
1 1.5813786183644 0 20 
1 1.52569036631074 0 20 
1 1.47537904121582 0 20 
1 1.42378175208903 0 20 
1 1.36937946406723 0 20 
1 1.31906813897232 0 20 
1 1.26337988691865 0 20 
1 1.21306856182373 0 20 
1 1.15738030977007 0 20 
1 1.10706898467515 0 20 
1 1.05460868487032 0 20 
0.0824060989085801 0.0380029749159074 0 2 
0.181565637298052 0.0398329068241015 0 2 
0.284450895752957 0.0487340720035188 0 2 
0.392428217963643 0.0465187828468008 0 2 
0.500010086272888 0.0504356706165938 0 2 
0.607943597618891 0.046780254815995 0 2 
0.705565805780611 0.0536076824048024 0 2 
0.814379018072829 0.04935475817777 0 2 
0.921124044172383 0.0450570208560763 0 2 
1.0276050420129 0.05229902483989 0 2 
1.13139255948862 0.0428384214435398 0 2 
1.23386367274091 0.0503810231195514 0 2 
1.3423423449614 0.0471572781186029 0 2 
1.45104754100426 0.0528346274331679 0 2 
1.54923960663841 0.0540156648817773 0 2 
1.65766021932167 0.0486072475060679 0 2 
1.76555904056246 0.04465708955251 0 2 
1.86548820299488 0.0311339480326376 0 2 
0.0395600068701109 3.93267350810328 0 2 
0.0371478314261715 3.8232934141303 0 2 
0.0346672761936081 3.72149996693689 0 2 
0.0477924284511353 3.62080468469189 0 2 
0.0494133847390781 3.51326176209443 0 2 
0.0495818796223464 3.40917248518138 0 2 
