xnod = [ ... % posicion de los nodos
    1               0               0  
    2               0             0.5  
    3     0.571428571               0  
    4               0               1  
    5      1.14285714               0  
    6     0.667812932      1.15026478  
    7       1.2392415     0.650264779  
    8               0             1.5  
    9      1.71428571               0  
   10      1.33562586      1.30052956  
   11               0               2  
   12      2.28571429               0  
   13      1.95285595      1.33027508  
   14               0             2.5  
   15      2.42790016     0.680010297  
   16      1.51007864       2.0908686  
   17     0.842265707      2.44060383  
   18      2.85714286               0  
   19      2.57008603      1.36002059  
   20               0               3  
   21      1.68453141      2.88120765  
   22      3.11642623      1.36051243  
   23      2.73270185      2.06758073  
   24      3.42857143               0  
   25     0.631089012      3.37601805  
   26               0             3.5  
   27      3.54566893     0.680502136  
   28      1.47335472      3.31662187  
   29      2.28992454      2.82817426  
   30      3.66276643      1.36100427  
   31      1.26217802       3.7520361  
   32               0               4  
   33               4               0  
   34      2.89531767      2.77514087  
   35     0.388228567      4.05111126  
   36        1.006089      3.97649899  
   37     0.749999983      4.20096188  
   38       3.7817224       2.0530794  
   39      2.31193562      3.66027374  
   40      3.39799802       2.7601477  
   41      4.20724815      1.34992312  
   42      1.06066014       4.4393398  
   43      4.57142857               0  
   44      3.16064626      3.44466079  
   45      4.66157922     0.669420982  
   46      1.93817936      4.33900548  
   47      3.90067838      2.74515453  
   48      1.29903808      4.74999995  
   49      4.75172987      1.33884196  
   50      5.14285714               0  
   51      3.95033919      3.37257727  
   52      1.95660939       4.8379874  
   53      4.42219395      2.79310992  
   54       4.8477197      2.08995364  
   55      3.17319128      4.24844603  
   56      1.44888872      5.11177136  
   57      2.93933983      4.43933983  
   58      3.42597485       4.1141807  
   59      2.75772165      4.65931902  
   60      5.28254507       1.2667807  
   61      3.69662983      4.03099811  
   62       2.6141807      4.92597485  
   63               4               4  
   64             1.5       5.4999999  
   65      4.94370953      2.84106531  
   66      5.71428571               0  
   67      2.52938394      5.20455387  
   68        5.763823     0.597359713  
   69               2      5.49999995  
   70      4.28792161      4.02789228  
   71      4.75886734        3.477623  
   72      5.81336028      1.19471943  
   73      5.44326281      2.59005766  
   74             2.5             5.5  
   75      1.44888877      5.88822846  
   76      5.87808819      1.76688471  
   77      4.57402515       4.1141807  
   78      5.24930663       3.2434598  
   79      1.82059399      5.93570919  
   80      6.28571429               0  
   81      2.52938395      5.79544614  
   82      1.29903817      6.24999988  
   83       5.9428161         2.33905  
   84      4.83414731      4.25332512  
   85      6.34467138      1.14412696  
   86       2.6141807      6.07402515  
   87      6.02283786      2.73065966  
   88      5.55490373       3.6458543  
   89      1.06066028      6.56066006  
   90      2.37768434      6.22272181  
   91      5.30778195      4.04259706  
   92      2.14118798      6.37141847  
   93      5.06066017      4.43933983  
   94      5.82888167      3.38406181  
   95      1.52905384      6.58316287  
   96      6.42707555      2.26859798  
   97     0.750000148      6.79903802  
   98      6.10285961      3.12226932  
   99      6.85714286               0  
  100      6.86656267      0.54676725  
  101      2.75772165      6.34068098  
  102      1.95012874      6.64387216  
  103     0.388228751      6.94888869  
  104      6.87598249       1.0935345  
  105               0               7  
  106      5.83364466      3.91329852  
  107      5.25096149      4.67229513  
  108      6.89365874      1.64584023  
  109      2.39215212      6.68162037  
  110       1.7590695      6.91632585  
  111      2.93933983      6.56066017  
  112      1.03737061       7.1344154  
  113      6.48038704       3.2374087  
  114        6.911335      2.19814596  
  115     0.638678753      7.23768111  
  116       5.3858193      4.92597485  
  117               0             7.3  
  118      2.79122804      6.77624122  
  119      5.74910245      4.55335879  
  120      1.54190529      7.19305931  
  121       6.1123856      4.18074274  
  122      6.88462473      2.77534703  
  123      7.42857143               0  
  124      3.17319128      6.75155397  
  125      2.64311626      6.99182227  
  126      6.48515003      3.76664541  
  127      7.43799125      1.04676725  
  128      2.01519014      7.24520906  
  129      5.47369345      5.22030801  
  130      1.32474107      7.46979277  
  131               0             7.6  
  132      6.85791446      3.35254809  
  133     0.263678679       7.6381621  
  134      2.45721352      7.28295727  
  135      3.42597485       6.8858193  
  136     0.527357358      7.67632419  
  137       7.4556675      2.09907298  
  138             5.5             5.5  
  139      2.93187136      7.22647021  
  140      6.40667374      4.46537139  
  141      1.14816075      7.78678163  
  142      3.69662983      6.96900189  
  143               0             7.9  
  144      3.32330065      7.17346873  
  145      2.27131078      7.57409228  
  146        1.553112      7.75906855  
  147     0.749468897      7.89004734  
  148      0.44860971       7.9400251  
  149      5.47369345      5.77969199  
  150      6.10048093      5.12500002  
  151               8               0  
  152      7.05395721      3.77675501  
  153               8             0.5  
  154               8               1  
  155               4               7  
  156      2.02639685       7.8112183  
  157      7.42895723      3.17627405  
  158       5.3858193      6.07402515  
  159      3.22062645      7.46111815  
  160               8             1.5  
  161     0.971580435      8.10377048  
  162      4.28792161      6.97210772  
  163               0             8.2  
  164     0.184931031        8.201863  
  165     0.369862062      8.20372601  
  166      6.70096187      4.75000004  
  167      5.25096149      6.32770487  
  168      6.93933979      4.43933987  
  169      1.78148293      8.04834432  
  170               8               2  
  171      4.57402515       6.8858193  
  172      5.06066017      6.56066017  
  173      5.94290965      5.78701259  
  174      4.83414732      6.74667488  
  175      6.55111125      5.11177148  
  176      3.97433578      7.31932339  
  177       2.5554766        7.948056  
  178        3.584649      7.54988247  
  179      7.24999995      4.20096192  
  180               8             2.5  
  181      1.18792598      8.31500309  
  182      1.59287722      8.28729001  
  183      3.03013444      7.89156894  
  184     0.776904631      8.41931216  
  185     0.476045445      8.46928992  
  186               0             8.5  
  187             6.5      5.50000004  
  188               8               3  
  189      1.94744588      8.32367061  
  190       5.7112814      6.41544435  
  191      3.94867155      7.63864678  
  192       4.6619285      7.23474411  
  193      7.61177137      4.05111128  
  194      1.40427152      8.52623569  
