function A = matriz_extrapolacion_esfuerzos_H20

A = [ ...
(3*3^(1/2))/4 + 5/4,   - 3^(1/2)/4 - 1/4,   - 3^(1/2)/4 - 1/4,     3^(1/2)/4 - 1/4,   - 3^(1/2)/4 - 1/4,     3^(1/2)/4 - 1/4,     3^(1/2)/4 - 1/4, 5/4 - (3*3^(1/2))/4
    3^(1/2)/4 + 1/2,                -1/4,                -1/4,     1/2 - 3^(1/2)/4,     3^(1/2)/4 + 1/2,                -1/4,                -1/4,     1/2 - 3^(1/2)/4
  - 3^(1/2)/4 - 1/4,     3^(1/2)/4 - 1/4,     3^(1/2)/4 - 1/4, 5/4 - (3*3^(1/2))/4, (3*3^(1/2))/4 + 5/4,   - 3^(1/2)/4 - 1/4,   - 3^(1/2)/4 - 1/4,     3^(1/2)/4 - 1/4
               -1/4,     1/2 - 3^(1/2)/4,                -1/4,     1/2 - 3^(1/2)/4,     3^(1/2)/4 + 1/2,                -1/4,     3^(1/2)/4 + 1/2,                -1/4
    3^(1/2)/4 - 1/4, 5/4 - (3*3^(1/2))/4,   - 3^(1/2)/4 - 1/4,     3^(1/2)/4 - 1/4,   - 3^(1/2)/4 - 1/4,     3^(1/2)/4 - 1/4, (3*3^(1/2))/4 + 5/4,   - 3^(1/2)/4 - 1/4
               -1/4,     1/2 - 3^(1/2)/4,     3^(1/2)/4 + 1/2,                -1/4,                -1/4,     1/2 - 3^(1/2)/4,     3^(1/2)/4 + 1/2,                -1/4
  - 3^(1/2)/4 - 1/4,     3^(1/2)/4 - 1/4, (3*3^(1/2))/4 + 5/4,   - 3^(1/2)/4 - 1/4,     3^(1/2)/4 - 1/4, 5/4 - (3*3^(1/2))/4,   - 3^(1/2)/4 - 1/4,     3^(1/2)/4 - 1/4
    3^(1/2)/4 + 1/2,                -1/4,     3^(1/2)/4 + 1/2,                -1/4,                -1/4,     1/2 - 3^(1/2)/4,                -1/4,     1/2 - 3^(1/2)/4
    3^(1/2)/4 + 1/2,     3^(1/2)/4 + 1/2,                -1/4,                -1/4,                -1/4,                -1/4,     1/2 - 3^(1/2)/4,     1/2 - 3^(1/2)/4
               -1/4,                -1/4,     1/2 - 3^(1/2)/4,     1/2 - 3^(1/2)/4,     3^(1/2)/4 + 1/2,     3^(1/2)/4 + 1/2,                -1/4,                -1/4
    1/2 - 3^(1/2)/4,     1/2 - 3^(1/2)/4,                -1/4,                -1/4,                -1/4,                -1/4,     3^(1/2)/4 + 1/2,     3^(1/2)/4 + 1/2
               -1/4,                -1/4,     3^(1/2)/4 + 1/2,     3^(1/2)/4 + 1/2,     1/2 - 3^(1/2)/4,     1/2 - 3^(1/2)/4,                -1/4,                -1/4
  - 3^(1/2)/4 - 1/4, (3*3^(1/2))/4 + 5/4,     3^(1/2)/4 - 1/4,   - 3^(1/2)/4 - 1/4,     3^(1/2)/4 - 1/4,   - 3^(1/2)/4 - 1/4, 5/4 - (3*3^(1/2))/4,     3^(1/2)/4 - 1/4
               -1/4,     3^(1/2)/4 + 1/2,     1/2 - 3^(1/2)/4,                -1/4,                -1/4,     3^(1/2)/4 + 1/2,     1/2 - 3^(1/2)/4,                -1/4
    3^(1/2)/4 - 1/4,   - 3^(1/2)/4 - 1/4, 5/4 - (3*3^(1/2))/4,     3^(1/2)/4 - 1/4,   - 3^(1/2)/4 - 1/4, (3*3^(1/2))/4 + 5/4,     3^(1/2)/4 - 1/4,   - 3^(1/2)/4 - 1/4
    1/2 - 3^(1/2)/4,                -1/4,     1/2 - 3^(1/2)/4,                -1/4,                -1/4,     3^(1/2)/4 + 1/2,                -1/4,     3^(1/2)/4 + 1/2
5/4 - (3*3^(1/2))/4,     3^(1/2)/4 - 1/4,     3^(1/2)/4 - 1/4,   - 3^(1/2)/4 - 1/4,     3^(1/2)/4 - 1/4,   - 3^(1/2)/4 - 1/4,   - 3^(1/2)/4 - 1/4, (3*3^(1/2))/4 + 5/4
    1/2 - 3^(1/2)/4,                -1/4,                -1/4,     3^(1/2)/4 + 1/2,     1/2 - 3^(1/2)/4,                -1/4,                -1/4,     3^(1/2)/4 + 1/2
    3^(1/2)/4 - 1/4,   - 3^(1/2)/4 - 1/4,   - 3^(1/2)/4 - 1/4, (3*3^(1/2))/4 + 5/4, 5/4 - (3*3^(1/2))/4,     3^(1/2)/4 - 1/4,     3^(1/2)/4 - 1/4,   - 3^(1/2)/4 - 1/4
               -1/4,     3^(1/2)/4 + 1/2,                -1/4,     3^(1/2)/4 + 1/2,     1/2 - 3^(1/2)/4,                -1/4,     1/2 - 3^(1/2)/4,                -1/4 ];
               
return