xnod = [ ... % # Mesh point coordinates
-0.99999999999999978 -1 -2.2204460492503131e-16 
-0.89999999999999991 -0.89999999999999969 -1.9984014443252821e-16 
-0.79999999999999982 -1 0 
-0.99999999999999978 -0.80000000000000004 -2.2204460492503131e-16 
-0.99999999999999978 -0.89999999999999947 0.099999999999999645 
-0.89999999999999969 -1 0.099999999999999853 
-1 -1 0.19999999999999982 
-0.7999999999999996 -0.99999999999999978 0.19999999999999996 
-0.89999999999999969 -0.89999999999999991 0.19999999999999993 
-0.79999999999999949 -0.89999999999999991 0.099999999999999978 
-0.89999999999999947 -0.79999999999999938 0.099999999999999867 
-0.79999999999999982 -0.79999999999999982 0 
-0.99999999999999989 -0.79999999999999938 0.19999999999999979 
-0.99999999999999978 -0.89999999999999991 0.29999999999999993 
-0.89999999999999991 -1 0.29999999999999988 
-1 -1.0000000000000002 0.3999999999999998 
-0.79999999999999982 -1 0.39999999999999997 
-0.89999999999999969 -0.89999999999999969 0.39999999999999991 
-0.89999999999999969 -0.79999999999999949 0.29999999999999993 
-0.7999999999999996 -0.90000000000000002 0.29999999999999999 
-0.79999999999999938 -0.7999999999999996 0.19999999999999996 
-1 -0.7999999999999996 0.39999999999999986 
-0.99999999999999989 -0.89999999999999947 0.5 
-0.8999999999999998 -1 0.49999999999999978 
-1 -1 0.59999999999999976 
-0.79999999999999982 -1.0000000000000002 0.59999999999999987 
-0.89999999999999991 -0.89999999999999947 0.59999999999999976 
-0.7999999999999996 -0.89999999999999991 0.49999999999999989 
-0.89999999999999991 -0.79999999999999949 0.49999999999999983 
-0.79999999999999971 -0.79999999999999982 0.39999999999999997 
-1 -0.79999999999999949 0.59999999999999987 
-1 -1 0.79999999999999982 
-0.92114921986399345 -0.90864932359155959 0.99999999999999989 
-1 -1 0.99999999999999978 
-0.89999999999999991 -1 0.8999999999999998 
-0.99999999999999978 -0.90000000000000013 0.90000000000000002 
-1 -0.80000000000000004 0.99999999999999978 
-1 -0.89999999999999902 0.69999999999999973 
-0.89999999999999991 -1 0.69999999999999984 
-0.79999999999999971 -0.89999999999999991 0.69999999999999984 
-0.80000000000000004 -1 0.79999999999999982 
-0.8999999999999998 -0.79999999999999949 0.69999999999999984 
-0.79999999999999982 -0.79999999999999993 0.59999999999999987 
-1 -0.80000000000000004 0.79999999999999982 
-0.86196992328630251 -0.85596185542348124 0.89554226680384086 
-0.84229843972798668 -0.81729864718311918 0.99999999999999978 
-0.80000000000000004 -1 0.99999999999999978 
-0.69999999999999984 -1 0.89999999999999991 
-0.70000000000000007 -0.89999999999999991 0.79999999999999982 
-0.59999999999999998 -1.0000000000000002 0.80000000000000004 
-0.92114921986399323 -0.70864932359155963 0.99999999999999978 
-1 -0.69999999999999996 0.90000000000000024 
-0.99999999999999989 -0.59999999999999987 0.99999999999999978 
-0.80000000000000004 -0.79999999999999982 0.79999999999999982 
-0.90963260641180088 -0.6098935352333249 0.90000000000000013 
-0.90000000000000013 -0.69999999999999962 0.79999999999999982 
-0.76919375891194686 -0.66919458873247595 0.99999999999999978 
-1.0000000000000004 -0.59999999999999976 0.80000000000000016 
-0.6659102188765933 -0.7727449044566771 0.89873288823159592 
-0.68459687945597336 -0.83459729436623808 0.99999999999999978 
-0.59866399082443378 -0.90064619407229485 0.89528078337879347 
-0.59999999999999987 -0.99999999999999989 0.99999999999999967 
-0.66919375891194699 -0.69419458873247553 0.79999999999999982 
0.80000000000000027 -1 1.1102230246251565e-16 
-0.49999999999999989 -1 0.89999999999999991 
-0.39999999999999997 -1 1.0000000000000002 
-0.30000000000000004 -1 0.90000000000000013 
-0.39999999999999997 -1 0.80000000000000004 
-0.60000000000000042 -0.7999999999999996 0.80000000000000004 
-0.50000000000000011 -0.89999999999999991 0.79999999999999982 
-0.83838751782389376 -0.53838917746495207 0.99999999999999978 
-0.99999999999999989 -0.49999999999999956 0.90000000000000002 
-1 -0.39999999999999997 1 
-0.91919375891194699 -0.49419458873247579 0.79999999999999982 
-0.73838751782389389 -0.58838917746495156 0.79999999999999993 
-0.65157114103600211 -0.59740668371940964 0.99999999999999978 
-0.60693613883716813 -0.56804983161214739 0.79999999999999982 
-1 -0.39999999999999974 0.79999999999999982 
-1 -0.29999999999999982 0.90000000000000036 
-0.58849429493359517 -0.64163417139288537 0.88832098765432099 
-0.52386696531534316 -0.57387011022214574 0.99999999999999978 
-0.53044799733380865 -0.83366680785575908 0.90031636874142673 
-0.53838751782389371 -0.73838917746495203 0.99999999999999978 
-0.46919375891194681 -0.8691945887324759 1 
-0.53838751782389416 -0.68838917746495165 0.79999999999999993 
0.90000000000000013 -1 0.10000000000000021 
0.90000000000000013 -0.89999999999999969 1.9984014443252816e-16 
1.0000000000000002 -1 2.2204460492503131e-16 
0.79999999999999971 -0.99999999999999989 0.20000000000000009 
0.79999999999999993 -0.8999999999999998 0.1000000000000001 
0.80000000000000027 -0.79999999999999982 1.1102230246251565e-16 
-0.28626191210930152 -0.8894499076420872 1 
-0.19999999999999984 -1 1 
-0.20000000000000007 -1.0000000000000002 0.80000000000000016 
-0.099999999999999853 -1 0.90000000000000013 
3.4694469519536142e-18 -1 0.80000000000000016 
-0.38371690449261447 -0.88618604355187369 0.89930555555555558 
-0.22667231314858957 -0.89653463055566518 0.90666666666666695 
-0.3000000000000001 -0.89999999999999991 0.79999999999999993 
-0.40000000000000036 -0.79999999999999982 0.80000000000000004 
-0.47677503564778778 -0.57677835492990404 0.79999999999999993 
-0.88334712703027907 -0.29266130798113776 0.99999999999999978 
-0.76669425406055813 -0.38532261596227602 0.99999999999999978 
-0.67677503564778774 -0.47677835492990406 0.99999999999999978 
-0.4481831846738149 -0.44818774509623616 1 
-1 -0.19999999999999984 0.99999999999999978 
-0.83838751782389376 -0.38838917746495188 0.79999999999999982 
-0.53696900503964407 -0.4326961677989325 0.89117708100376714 
-0.67677503564778774 -0.37677835492990419 0.79999999999999982 
-0.60371044934380547 -0.49538015868574525 0.79999999999999993 
-0.43645274727512812 -0.38198632476285099 0.90637595615956335 
-1 -0.099999999999999645 0.90000000000000036 
-0.88057813242662242 -0.27432882394372987 0.79999999999999982 
-1.0000000000000002 -0.19999999999999976 0.79999999999999993 
-0.7444074838570327 -0.26789937779627515 0.8915405389363722 
-0.86196640147691095 -0.17525745062707759 0.89931704419551628 
-0.86548433883116527 -0.09783687943627406 0.99999999999999978 
-1 1.1102230246251565e-16 0.79999999999999993 
-0.36486341921270116 -0.60016496794954266 1 
-0.37252382421860331 -0.7788998152841744 1 
-0.33610640914341511 -0.69407388714657414 0.80000000000000004 
0.89999999999999991 -1 0.30000000000000021 
1.0000000000000004 -1 0.20000000000000023 
0.90000000000000002 -0.89999999999999958 0.20000000000000026 
1.0000000000000002 -0.89999999999999902 0.10000000000000009 
0.90000000000000002 -0.79999999999999938 0.10000000000000019 
1.0000000000000002 -0.80000000000000004 2.2204460492503131e-16 
0.79999999999999982 -1 0.40000000000000008 
0.79999999999999982 -0.89999999999999991 0.3000000000000001 
0.7999999999999996 -0.7999999999999996 0.20000000000000012 
-0.19566966030075417 -0.73097037921706676 1 
-0.35920674525413832 -0.47686083890467534 1 
-0.22540254728474163 -0.62834929551870955 1 
-1.3877787807814457e-17 -1.0000000000000002 1 
0.0384021541040096 -0.85020216233688872 1 
-0.097834830150377083 -0.86548518960853338 1 
-0.10000000000000031 -0.89999999999999969 0.79999999999999993 
0.0046222934812763595 -0.91387733723193476 0.89467758727903401 
0.1000000000000001 -1 0.89999999999999991 
0.30000000000000004 -1 0.89999999999999991 
0.20000000000000023 -1.0000000000000002 1.0000000000000002 
0.19999999999999996 -1 0.79999999999999993 
0.099999999999999922 -0.89999999999999991 0.80000000000000004 
-0.20000000000000029 -0.79999999999999971 0.80000000000000016 
